Humidity (%),Wind Speed (kph),Weather Condition,Hour,Day,Month,Day_of_year,Temperature (°C)
-0.9546411445828292,-0.1875769824133405,0.08381580761249491,-1.661324772583615,0.4629100498862757,-1.4142135623730938,-1.4638501094227998,13.9
-0.9546411445828292,-0.43441457806953776,0.08381580761249491,-1.516861748880692,0.4629100498862757,-1.4142135623730938,-1.4638501094227998,14.1
-0.8647925662691512,-1.2101898787033003,-0.49092115887318477,-1.372398725177769,0.4629100498862757,-1.4142135623730938,-1.4638501094227998,13.6
-0.8647925662691512,-1.0691398240426162,0.08381580761249491,-1.227935701474846,0.4629100498862757,-1.4142135623730938,-1.4638501094227998,13.3
-0.7749439879554731,-1.0691398240426162,0.08381580761249491,-1.0834726777719228,0.4629100498862757,-1.4142135623730938,-1.4638501094227998,12.5
-0.7749439879554731,-0.9633522830471031,0.08381580761249491,-0.9390096540689998,0.4629100498862757,-1.4142135623730938,-1.4638501094227998,11.9
-0.8647925662691512,-0.575464632730222,0.08381580761249491,-0.7945466303660768,0.4629100498862757,-1.4142135623730938,-1.4638501094227998,12.2
-0.7749439879554731,-0.681252173725735,0.08381580761249491,-0.6500836066631537,0.4629100498862757,-1.4142135623730938,-1.4638501094227998,12.1
-0.7749439879554731,-1.3159774196988134,0.08381580761249491,-0.5056205829602307,0.4629100498862757,-1.4142135623730938,-1.4638501094227998,14.5
-1.3140354578375415,-1.9507026656718918,0.08381580761249491,-0.36115755925730764,0.4629100498862757,-1.4142135623730938,-1.4638501094227998,17.7
-1.4937326144648975,-1.4570274743594973,0.08381580761249491,-0.21669453555438456,0.4629100498862757,-1.4142135623730938,-1.4638501094227998,19.5
-1.5835811927785757,-1.7038650700156948,0.08381580761249491,-0.07223151185146152,0.4629100498862757,-1.4142135623730938,-1.4638501094227998,20.9
-1.6734297710922537,-0.0465269277526566,1.233289740583854,0.07223151185146152,0.4629100498862757,-1.4142135623730938,-1.4638501094227998,22.0
-1.7632783494059316,0.30609820889905365,0.08381580761249491,0.21669453555438456,0.4629100498862757,-1.4142135623730938,-1.4638501094227998,22.7
-1.7632783494059316,0.30609820889905365,0.08381580761249491,0.36115755925730764,0.4629100498862757,-1.4142135623730938,-1.4638501094227998,22.9
-1.7632783494059316,0.05926061324285673,0.08381580761249491,0.5056205829602307,0.4629100498862757,-1.4142135623730938,-1.4638501094227998,22.7
-1.4038840361512195,-0.1875769824133405,0.08381580761249491,0.6500836066631537,0.4629100498862757,-1.4142135623730938,-1.4638501094227998,21.1
-1.3140354578375415,-0.575464632730222,0.08381580761249491,0.7945466303660768,0.4629100498862757,-1.4142135623730938,-1.4638501094227998,18.3
-1.3140354578375415,-0.1875769824133405,0.08381580761249491,0.9390096540689998,0.4629100498862757,-1.4142135623730938,-1.4638501094227998,17.2
-1.2241868795238635,0.6939858592159348,0.08381580761249491,1.0834726777719228,0.4629100498862757,-1.4142135623730938,-1.4638501094227998,16.9
-1.2241868795238635,0.6939858592159348,0.08381580761249491,1.227935701474846,0.4629100498862757,-1.4142135623730938,-1.4638501094227998,16.7
-1.1343383012101853,0.6939858592159348,0.08381580761249491,1.372398725177769,0.4629100498862757,-1.4142135623730938,-1.4638501094227998,15.9
-1.1343383012101853,0.20031066790354096,0.08381580761249491,1.516861748880692,0.4629100498862757,-1.4142135623730938,-1.4638501094227998,15.9
-1.1343383012101853,-0.575464632730222,0.08381580761249491,1.661324772583615,0.4629100498862757,-1.4142135623730938,-1.4638501094227998,15.6
-0.7749439879554731,-0.1875769824133405,0.08381580761249491,-1.661324772583615,0.9258200997725514,-1.4142135623730938,-0.8783100656536799,14.7
-0.5053982530144391,-0.575464632730222,0.08381580761249491,-1.516861748880692,0.9258200997725514,-1.4142135623730938,-0.8783100656536799,13.7
-0.415549674700761,-0.43441457806953776,0.08381580761249491,-1.372398725177769,0.9258200997725514,-1.4142135623730938,-0.8783100656536799,13.4
-0.32570109638708294,-0.43441457806953776,0.08381580761249491,-1.227935701474846,0.9258200997725514,-1.4142135623730938,-0.8783100656536799,13.3
-0.14600393975972684,-0.681252173725735,-1.0656581253588644,-1.0834726777719228,0.9258200997725514,-1.4142135623730938,-0.8783100656536799,12.9
-0.05615536144604878,-0.43441457806953776,-1.0656581253588644,-0.9390096540689998,0.9258200997725514,-1.4142135623730938,-0.8783100656536799,12.9
0.12354179518130731,-0.43441457806953776,-1.0656581253588644,-0.7945466303660768,0.9258200997725514,-1.4142135623730938,-0.8783100656536799,12.6
0.3032389518086634,-0.8223022283864189,1.233289740583854,-0.6500836066631537,0.9258200997725514,-1.4142135623730938,-0.8783100656536799,12.4
0.21339037349498538,-1.0691398240426162,1.233289740583854,-0.5056205829602307,0.9258200997725514,-1.4142135623730938,-0.8783100656536799,14.9
-0.23585251807340488,-0.681252173725735,1.233289740583854,-0.36115755925730764,0.9258200997725514,-1.4142135623730938,-0.8783100656536799,18.1
-0.415549674700761,-0.0465269277526566,1.233289740583854,-0.21669453555438456,0.9258200997725514,-1.4142135623730938,-0.8783100656536799,20.0
-0.5952468313281171,0.44714826355973786,1.233289740583854,-0.07223151185146152,0.9258200997725514,-1.4142135623730938,-0.8783100656536799,21.4
-0.7749439879554731,0.835035913876619,1.233289740583854,0.07223151185146152,0.9258200997725514,-1.4142135623730938,-0.8783100656536799,22.5
-0.8647925662691512,1.0818735095328167,1.233289740583854,0.21669453555438456,0.9258200997725514,-1.4142135623730938,-0.8783100656536799,23.1
-0.8647925662691512,1.4697611598496978,1.233289740583854,0.36115755925730764,0.9258200997725514,-1.4142135623730938,-0.8783100656536799,23.4
-0.7749439879554731,1.7165987555058946,1.233289740583854,0.5056205829602307,0.9258200997725514,-1.4142135623730938,-0.8783100656536799,23.1
-0.5053982530144391,1.5755487008452105,1.233289740583854,0.6500836066631537,0.9258200997725514,-1.4142135623730938,-0.8783100656536799,21.9
-0.05615536144604878,0.9408234548721324,-1.0656581253588644,0.7945466303660768,0.9258200997725514,-1.4142135623730938,-0.8783100656536799,18.5
0.12354179518130731,0.44714826355973786,-1.0656581253588644,0.9390096540689998,0.9258200997725514,-1.4142135623730938,-0.8783100656536799,16.4
0.21339037349498538,-0.0465269277526566,-1.0656581253588644,1.0834726777719228,0.9258200997725514,-1.4142135623730938,-0.8783100656536799,15.8
0.3032389518086634,-0.32862703707402474,-1.0656581253588644,1.227935701474846,0.9258200997725514,-1.4142135623730938,-0.8783100656536799,15.3
0.3930875301223415,-0.43441457806953776,-1.0656581253588644,1.372398725177769,0.9258200997725514,-1.4142135623730938,-0.8783100656536799,14.9
0.48293610843601953,-0.43441457806953776,-1.0656581253588644,1.516861748880692,0.9258200997725514,-1.4142135623730938,-0.8783100656536799,14.6
0.48293610843601953,-0.575464632730222,-1.0656581253588644,1.661324772583615,0.9258200997725514,-1.4142135623730938,-0.8783100656536799,14.3
1.1118761566317659,-0.9633522830471031,-1.0656581253588644,-1.661324772583615,1.3887301496588271,0.7071067811865488,-0.29277002188455997,13.3
1.1118761566317659,-0.9633522830471031,-1.0656581253588644,-1.516861748880692,1.3887301496588271,0.7071067811865488,-0.29277002188455997,13.0
1.2017247349454439,-0.9633522830471031,-1.0656581253588644,-1.372398725177769,1.3887301496588271,0.7071067811865488,-0.29277002188455997,12.7
1.291573313259122,-0.681252173725735,-1.0656581253588644,-1.227935701474846,1.3887301496588271,0.7071067811865488,-0.29277002188455997,12.5
1.291573313259122,-0.43441457806953776,-1.0656581253588644,-1.0834726777719228,1.3887301496588271,0.7071067811865488,-0.29277002188455997,12.4
1.291573313259122,-0.32862703707402474,-1.0656581253588644,-0.9390096540689998,1.3887301496588271,0.7071067811865488,-0.29277002188455997,12.2
1.3814218915728,-0.32862703707402474,-1.0656581253588644,-0.7945466303660768,1.3887301496588271,0.7071067811865488,-0.29277002188455997,12.0
1.471270469886478,-0.8223022283864189,1.233289740583854,-0.6500836066631537,1.3887301496588271,0.7071067811865488,-0.29277002188455997,11.8
0.9321790000044098,-1.2101898787033003,1.233289740583854,-0.5056205829602307,1.3887301496588271,0.7071067811865488,-0.29277002188455997,14.5
0.12354179518130731,-2.338590315988773,1.233289740583854,-0.36115755925730764,1.3887301496588271,0.7071067811865488,-0.29277002188455997,18.2
-0.14600393975972684,-1.4570274743594973,1.233289740583854,-0.21669453555438456,1.3887301496588271,0.7071067811865488,-0.29277002188455997,20.0
-0.415549674700761,-0.575464632730222,1.233289740583854,-0.07223151185146152,1.3887301496588271,0.7071067811865488,-0.29277002188455997,21.4
-0.6850954096417952,-0.0465269277526566,0.6585527740981746,0.07223151185146152,1.3887301496588271,0.7071067811865488,-0.29277002188455997,22.5
-0.7749439879554731,0.05926061324285673,1.233289740583854,0.21669453555438456,1.3887301496588271,0.7071067811865488,-0.29277002188455997,23.1
-0.7749439879554731,0.20031066790354096,1.233289740583854,0.36115755925730764,1.3887301496588271,0.7071067811865488,-0.29277002188455997,23.4
-0.7749439879554731,0.6939858592159348,1.233289740583854,0.5056205829602307,1.3887301496588271,0.7071067811865488,-0.29277002188455997,23.1
-0.5053982530144391,0.9408234548721324,1.233289740583854,0.6500836066631537,1.3887301496588271,0.7071067811865488,-0.29277002188455997,21.9
0.12354179518130731,0.44714826355973786,-1.0656581253588644,0.7945466303660768,1.3887301496588271,0.7071067811865488,-0.29277002188455997,18.2
0.3930875301223415,-0.43441457806953776,-1.0656581253588644,0.9390096540689998,1.3887301496588271,0.7071067811865488,-0.29277002188455997,15.9
0.5727846867496975,-0.575464632730222,-1.0656581253588644,1.0834726777719228,1.3887301496588271,0.7071067811865488,-0.29277002188455997,15.3
0.6626332650633756,-0.681252173725735,-1.0656581253588644,1.227935701474846,1.3887301496588271,0.7071067811865488,-0.29277002188455997,14.7
0.7524818433770537,-0.681252173725735,-1.0656581253588644,1.372398725177769,1.3887301496588271,0.7071067811865488,-0.29277002188455997,14.4
0.7524818433770537,-0.681252173725735,-1.0656581253588644,1.516861748880692,1.3887301496588271,0.7071067811865488,-0.29277002188455997,14.0
0.8423304216907317,-0.681252173725735,-1.0656581253588644,1.661324772583615,1.3887301496588271,0.7071067811865488,-0.29277002188455997,13.6
1.471270469886478,-0.32862703707402474,0.6585527740981746,-1.661324772583615,-1.3887301496588271,0.7071067811865488,0.29277002188455997,12.8
1.561119048200156,-0.575464632730222,0.6585527740981746,-1.516861748880692,-1.3887301496588271,0.7071067811865488,0.29277002188455997,12.7
1.8306647831411902,-0.32862703707402474,0.6585527740981746,-1.372398725177769,-1.3887301496588271,0.7071067811865488,0.29277002188455997,12.5
2.010361939768546,-0.1875769824133405,0.6585527740981746,-1.227935701474846,-1.3887301496588271,0.7071067811865488,0.29277002188455997,12.4
2.010361939768546,0.20031066790354096,0.6585527740981746,-1.0834726777719228,-1.3887301496588271,0.7071067811865488,0.29277002188455997,12.4
2.1002105180822244,0.20031066790354096,-1.0656581253588644,-0.9390096540689998,-1.3887301496588271,0.7071067811865488,0.29277002188455997,12.0
2.2799076747095803,-0.0465269277526566,-1.0656581253588644,-0.7945466303660768,-1.3887301496588271,0.7071067811865488,0.29277002188455997,11.7
2.4596048313369367,-0.43441457806953776,0.6585527740981746,-0.6500836066631537,-1.3887301496588271,0.7071067811865488,0.29277002188455997,11.3
2.2799076747095803,-1.0691398240426162,0.6585527740981746,-0.5056205829602307,-1.3887301496588271,0.7071067811865488,0.29277002188455997,13.2
1.561119048200156,-1.0691398240426162,0.6585527740981746,-0.36115755925730764,-1.3887301496588271,0.7071067811865488,0.29277002188455997,16.4
0.9321790000044098,-1.7038650700156948,0.6585527740981746,-0.21669453555438456,-1.3887301496588271,0.7071067811865488,0.29277002188455997,18.3
0.48293610843601953,-0.8223022283864189,1.233289740583854,-0.07223151185146152,-1.3887301496588271,0.7071067811865488,0.29277002188455997,19.7
0.12354179518130731,-0.8223022283864189,1.233289740583854,0.07223151185146152,-1.3887301496588271,0.7071067811865488,0.29277002188455997,20.8
-0.14600393975972684,-0.8223022283864189,1.233289740583854,0.21669453555438456,-1.3887301496588271,0.7071067811865488,0.29277002188455997,21.7
-0.32570109638708294,-0.575464632730222,1.233289740583854,0.36115755925730764,-1.3887301496588271,0.7071067811865488,0.29277002188455997,22.1
-0.32570109638708294,-0.575464632730222,1.233289740583854,0.5056205829602307,-1.3887301496588271,0.7071067811865488,0.29277002188455997,22.1
-0.05615536144604878,-0.1875769824133405,1.233289740583854,0.6500836066631537,-1.3887301496588271,0.7071067811865488,0.29277002188455997,21.3
0.5727846867496975,0.05926061324285673,-1.0656581253588644,0.7945466303660768,-1.3887301496588271,0.7071067811865488,0.29277002188455997,17.6
0.8423304216907317,-0.32862703707402474,-1.0656581253588644,0.9390096540689998,-1.3887301496588271,0.7071067811865488,0.29277002188455997,15.8
1.0220275783180879,-0.32862703707402474,-1.0656581253588644,1.0834726777719228,-1.3887301496588271,0.7071067811865488,0.29277002188455997,15.2
1.1118761566317659,-0.1875769824133405,-1.0656581253588644,1.227935701474846,-1.3887301496588271,0.7071067811865488,0.29277002188455997,14.7
1.2017247349454439,-0.32862703707402474,-1.0656581253588644,1.372398725177769,-1.3887301496588271,0.7071067811865488,0.29277002188455997,14.2
1.291573313259122,-0.575464632730222,-1.0656581253588644,1.516861748880692,-1.3887301496588271,0.7071067811865488,0.29277002188455997,13.7
1.3814218915728,-0.8223022283864189,-1.0656581253588644,1.661324772583615,-1.3887301496588271,0.7071067811865488,0.29277002188455997,13.5
1.0220275783180879,-0.43441457806953776,-1.0656581253588644,-1.661324772583615,-0.9258200997725514,0.7071067811865488,0.8783100656536799,13.1
1.0220275783180879,-0.32862703707402474,-1.0656581253588644,-1.516861748880692,-0.9258200997725514,0.7071067811865488,0.8783100656536799,12.8
1.0220275783180879,-0.32862703707402474,-1.0656581253588644,-1.372398725177769,-0.9258200997725514,0.7071067811865488,0.8783100656536799,12.5
1.0220275783180879,-0.43441457806953776,-1.0656581253588644,-1.227935701474846,-0.9258200997725514,0.7071067811865488,0.8783100656536799,12.2
1.0220275783180879,-0.0465269277526566,-1.0656581253588644,-1.0834726777719228,-0.9258200997725514,0.7071067811865488,0.8783100656536799,12.1
1.0220275783180879,-0.0465269277526566,-1.0656581253588644,-0.9390096540689998,-0.9258200997725514,0.7071067811865488,0.8783100656536799,11.8
1.1118761566317659,-0.1875769824133405,-1.0656581253588644,-0.7945466303660768,-0.9258200997725514,0.7071067811865488,0.8783100656536799,11.6
1.1118761566317659,-0.32862703707402474,1.233289740583854,-0.6500836066631537,-0.9258200997725514,0.7071067811865488,0.8783100656536799,11.3
0.8423304216907317,-0.575464632730222,1.233289740583854,-0.5056205829602307,-0.9258200997725514,0.7071067811865488,0.8783100656536799,13.6
0.12354179518130731,-0.575464632730222,1.233289740583854,-0.36115755925730764,-0.9258200997725514,0.7071067811865488,0.8783100656536799,17.2
-0.32570109638708294,0.20031066790354096,1.233289740583854,-0.21669453555438456,-0.9258200997725514,0.7071067811865488,0.8783100656536799,19.3
-0.5952468313281171,1.0818735095328167,1.233289740583854,-0.07223151185146152,-0.9258200997725514,0.7071067811865488,0.8783100656536799,20.9
-0.7749439879554731,1.9634363511620923,1.233289740583854,0.07223151185146152,-0.9258200997725514,0.7071067811865488,0.8783100656536799,22.0
-0.9546411445828292,2.8449991927913683,1.233289740583854,0.21669453555438456,-0.9258200997725514,0.7071067811865488,0.8783100656536799,22.6
-1.0444897228965073,3.2328868431082487,1.233289740583854,0.36115755925730764,-0.9258200997725514,0.7071067811865488,0.8783100656536799,22.8
-1.0444897228965073,3.479724438764447,1.233289740583854,0.5056205829602307,-0.9258200997725514,0.7071067811865488,0.8783100656536799,22.4
-0.6850954096417952,2.5981615971351704,1.233289740583854,0.6500836066631537,-0.9258200997725514,0.7071067811865488,0.8783100656536799,21.1
-0.05615536144604878,1.5755487008452105,-1.0656581253588644,0.7945466303660768,-0.9258200997725514,0.7071067811865488,0.8783100656536799,17.4
0.21339037349498538,1.2229235641935001,-1.0656581253588644,0.9390096540689998,-0.9258200997725514,0.7071067811865488,0.8783100656536799,15.3
0.3032389518086634,0.9408234548721324,-1.0656581253588644,1.0834726777719228,-0.9258200997725514,0.7071067811865488,0.8783100656536799,14.6
0.3930875301223415,0.6939858592159348,-1.0656581253588644,1.227935701474846,-0.9258200997725514,0.7071067811865488,0.8783100656536799,14.1
0.3930875301223415,0.44714826355973786,-1.0656581253588644,1.372398725177769,-0.9258200997725514,0.7071067811865488,0.8783100656536799,13.7
0.3930875301223415,0.30609820889905365,-1.0656581253588644,1.516861748880692,-0.9258200997725514,0.7071067811865488,0.8783100656536799,13.3
0.48293610843601953,0.20031066790354096,-1.0656581253588644,1.661324772583615,-0.9258200997725514,0.7071067811865488,0.8783100656536799,12.9
0.3032389518086634,0.44714826355973786,-1.0656581253588644,-1.661324772583615,-0.4629100498862757,0.7071067811865488,1.4638501094227998,12.7
0.3930875301223415,0.44714826355973786,-1.0656581253588644,-1.516861748880692,-0.4629100498862757,0.7071067811865488,1.4638501094227998,12.4
0.3930875301223415,0.30609820889905365,-1.0656581253588644,-1.372398725177769,-0.4629100498862757,0.7071067811865488,1.4638501094227998,12.0
0.48293610843601953,0.05926061324285673,-1.0656581253588644,-1.227935701474846,-0.4629100498862757,0.7071067811865488,1.4638501094227998,11.6
0.48293610843601953,0.20031066790354096,-1.0656581253588644,-1.0834726777719228,-0.4629100498862757,0.7071067811865488,1.4638501094227998,11.3
0.48293610843601953,0.20031066790354096,-1.0656581253588644,-0.9390096540689998,-0.4629100498862757,0.7071067811865488,1.4638501094227998,11.0
0.3930875301223415,0.20031066790354096,-1.0656581253588644,-0.7945466303660768,-0.4629100498862757,0.7071067811865488,1.4638501094227998,10.7
0.3032389518086634,0.20031066790354096,1.233289740583854,-0.6500836066631537,-0.4629100498862757,0.7071067811865488,1.4638501094227998,10.4
0.033693216867629265,-0.1875769824133405,1.233289740583854,-0.5056205829602307,-0.4629100498862757,0.7071067811865488,1.4638501094227998,12.7
-0.5952468313281171,0.05926061324285673,1.233289740583854,-0.36115755925730764,-0.4629100498862757,0.7071067811865488,1.4638501094227998,16.4
-1.0444897228965073,0.44714826355973786,1.233289740583854,-0.21669453555438456,-0.4629100498862757,0.7071067811865488,1.4638501094227998,18.8
-1.2241868795238635,1.4697611598496978,1.233289740583854,-0.07223151185146152,-0.4629100498862757,0.7071067811865488,1.4638501094227998,20.5
-1.4038840361512195,2.104486405822776,1.233289740583854,0.07223151185146152,-0.4629100498862757,0.7071067811865488,1.4638501094227998,21.6
-1.4937326144648975,2.210273946818289,1.233289740583854,0.21669453555438456,-0.4629100498862757,0.7071067811865488,1.4638501094227998,22.3
-1.4937326144648975,2.3513240014789734,1.233289740583854,0.36115755925730764,-0.4629100498862757,0.7071067811865488,1.4638501094227998,22.5
-1.4937326144648975,2.5981615971351704,1.233289740583854,0.5056205829602307,-0.4629100498862757,0.7071067811865488,1.4638501094227998,22.2
-1.2241868795238635,2.104486405822776,1.233289740583854,0.6500836066631537,-0.4629100498862757,0.7071067811865488,1.4638501094227998,20.6
-0.8647925662691512,1.2229235641935001,-1.0656581253588644,0.7945466303660768,-0.4629100498862757,0.7071067811865488,1.4638501094227998,16.8
-0.7749439879554731,0.9408234548721324,-1.0656581253588644,0.9390096540689998,-0.4629100498862757,0.7071067811865488,1.4638501094227998,14.6
-0.6850954096417952,0.5881983182204221,-1.0656581253588644,1.0834726777719228,-0.4629100498862757,0.7071067811865488,1.4638501094227998,14.0
-0.6850954096417952,0.20031066790354096,-1.0656581253588644,1.227935701474846,-0.4629100498862757,0.7071067811865488,1.4638501094227998,13.5
-0.5952468313281171,-0.0465269277526566,-1.0656581253588644,1.372398725177769,-0.4629100498862757,0.7071067811865488,1.4638501094227998,13.1
-0.5952468313281171,-0.43441457806953776,-1.0656581253588644,1.516861748880692,-0.4629100498862757,0.7071067811865488,1.4638501094227998,12.6
-0.5053982530144391,-0.681252173725735,-1.0656581253588644,1.661324772583615,-0.4629100498862757,0.7071067811865488,1.4638501094227998,12.1
