Humidity (%),Wind Speed (kph),Weather Condition,Hour,Day,Month,Day_of_year,Temperature (°C)
0.5510096816575379,-0.41992799307173556,-0.44923810992172014,-1.661324772583615,-0.8819171036881969,0.0,-1.5275252316519468,14.4
0.5510096816575379,-0.41992799307173556,0.0672512140601377,-1.516861748880692,-0.8819171036881969,0.0,-1.5275252316519468,14.3
0.5510096816575379,-0.6055956376768553,0.0672512140601377,-1.372398725177769,-0.8819171036881969,0.0,-1.5275252316519468,13.8
0.5510096816575379,-0.6055956376768553,0.0672512140601377,-1.227935701474846,-0.8819171036881969,0.0,-1.5275252316519468,13.6
0.5510096816575379,-0.6055956376768553,-0.965727433903578,-1.0834726777719228,-0.8819171036881969,0.0,-1.5275252316519468,13.5
0.5510096816575379,-0.6055956376768553,-0.965727433903578,-0.9390096540689998,-0.8819171036881969,0.0,-1.5275252316519468,13.3
0.5510096816575379,-0.7448463711306949,-0.965727433903578,-0.7945466303660768,-0.8819171036881969,0.0,-1.5275252316519468,12.8
0.5510096816575379,-0.6055956376768553,1.1002298620238533,-0.6500836066631537,-0.8819171036881969,0.0,-1.5275252316519468,12.7
0.41235455861920595,-0.9305140157358142,1.1002298620238533,-0.5056205829602307,-0.8819171036881969,0.0,-1.5275252316519468,15.4
-0.4195761796107861,-1.116181660340934,1.1002298620238533,-0.36115755925730764,-0.8819171036881969,0.0,-1.5275252316519468,18.8
-0.8355415487257821,-0.0950096150127762,1.1002298620238533,-0.21669453555438456,-0.8819171036881969,0.0,-1.5275252316519468,20.7
-1.1128517948024461,0.9261624303153816,1.1002298620238533,-0.07223151185146152,-0.8819171036881969,0.0,-1.5275252316519468,22.3
-1.251506917840778,1.7616668310384191,1.1002298620238533,0.07223151185146152,-0.8819171036881969,0.0,-1.5275252316519468,23.3
-1.3901620408791102,1.9009175644922591,1.1002298620238533,0.21669453555438456,-0.8819171036881969,0.0,-1.5275252316519468,24.0
-1.5288171639174422,1.9009175644922591,1.1002298620238533,0.36115755925730764,-0.8819171036881969,0.0,-1.5275252316519468,24.3
-1.3901620408791102,2.225835942551218,1.1002298620238533,0.5056205829602307,-0.8819171036881969,0.0,-1.5275252316519468,24.1
-0.8355415487257821,1.9009175644922591,1.1002298620238533,0.6500836066631537,-0.8819171036881969,0.0,-1.5275252316519468,22.8
-0.4195761796107861,1.2510808083743405,1.1002298620238533,0.7945466303660768,-0.8819171036881969,0.0,-1.5275252316519468,18.3
-0.2809210565724541,0.22990876304618316,-0.965727433903578,0.9390096540689998,-0.8819171036881969,0.0,-1.5275252316519468,16.8
-0.2809210565724541,-0.2806772596178959,-0.965727433903578,1.0834726777719228,-0.8819171036881969,0.0,-1.5275252316519468,16.2
-0.14226593353412206,-0.41992799307173556,-0.965727433903578,1.227935701474846,-0.8819171036881969,0.0,-1.5275252316519468,15.6
-0.0036108104957900604,-0.7448463711306949,-0.965727433903578,1.372398725177769,-0.8819171036881969,0.0,-1.5275252316519468,15.2
-0.0036108104957900604,-0.7448463711306949,-0.965727433903578,1.516861748880692,-0.8819171036881969,0.0,-1.5275252316519468,14.8
0.13504431254254196,-0.7448463711306949,-0.965727433903578,1.661324772583615,-0.8819171036881969,0.0,-1.5275252316519468,14.4
0.27369943558087395,-0.7448463711306949,-0.965727433903578,-1.661324772583615,-0.3779644730092272,0.0,-1.091089451179962,13.3
0.27369943558087395,-0.7448463711306949,-0.965727433903578,-1.516861748880692,-0.3779644730092272,0.0,-1.091089451179962,13.0
0.27369943558087395,-0.6055956376768553,-0.965727433903578,-1.372398725177769,-0.3779644730092272,0.0,-1.091089451179962,12.7
0.27369943558087395,-0.6055956376768553,-0.965727433903578,-1.227935701474846,-0.3779644730092272,0.0,-1.091089451179962,12.3
0.27369943558087395,-0.7448463711306949,-0.965727433903578,-1.0834726777719228,-0.3779644730092272,0.0,-1.091089451179962,12.1
0.27369943558087395,-0.6055956376768553,-0.965727433903578,-0.9390096540689998,-0.3779644730092272,0.0,-1.091089451179962,11.9
0.27369943558087395,-0.6055956376768553,-0.965727433903578,-0.7945466303660768,-0.3779644730092272,0.0,-1.091089451179962,11.6
0.27369943558087395,-0.7448463711306949,1.1002298620238533,-0.6500836066631537,-0.3779644730092272,0.0,-1.091089451179962,11.6
-0.14226593353412206,-1.2554323937947736,1.1002298620238533,-0.5056205829602307,-0.3779644730092272,0.0,-1.091089451179962,14.9
-0.9741966717641141,-2.276604439122931,1.1002298620238533,-0.36115755925730764,-0.3779644730092272,0.0,-1.091089451179962,18.5
-1.251506917840778,-0.9305140157358142,1.1002298620238533,-0.21669453555438456,-0.3779644730092272,0.0,-1.091089451179962,20.2
-1.5288171639174422,-0.0950096150127762,1.1002298620238533,-0.07223151185146152,-0.3779644730092272,0.0,-1.091089451179962,21.8
-1.667472286955774,0.5548271411051421,1.1002298620238533,0.07223151185146152,-0.3779644730092272,0.0,-1.091089451179962,22.9
-1.8061274099941063,0.9261624303153816,1.1002298620238533,0.21669453555438456,-0.3779644730092272,0.0,-1.091089451179962,23.6
-1.8061274099941063,0.9261624303153816,1.1002298620238533,0.36115755925730764,-0.3779644730092272,0.0,-1.091089451179962,23.9
-1.8061274099941063,0.7404947857102618,1.1002298620238533,0.5056205829602307,-0.3779644730092272,0.0,-1.091089451179962,23.7
-1.3901620408791102,0.09065802959234313,1.1002298620238533,0.6500836066631537,-0.3779644730092272,0.0,-1.091089451179962,22.4
-0.9741966717641141,-0.2806772596178959,1.1002298620238533,0.7945466303660768,-0.3779644730092272,0.0,-1.091089451179962,18.0
-0.6968864256874501,-0.9305140157358142,-0.965727433903578,0.9390096540689998,-0.3779644730092272,0.0,-1.091089451179962,16.0
-0.5582313026491181,-1.116181660340934,-0.965727433903578,1.0834726777719228,-0.3779644730092272,0.0,-1.091089451179962,15.2
-0.4195761796107861,-0.41992799307173556,-0.965727433903578,1.227935701474846,-0.3779644730092272,0.0,-1.091089451179962,14.7
-0.4195761796107861,-0.2806772596178959,-0.965727433903578,1.372398725177769,-0.3779644730092272,0.0,-1.091089451179962,14.3
-0.2809210565724541,-0.0950096150127762,-0.965727433903578,1.516861748880692,-0.3779644730092272,0.0,-1.091089451179962,14.0
-0.2809210565724541,0.22990876304618316,-0.965727433903578,1.661324772583615,-0.3779644730092272,0.0,-1.091089451179962,13.8
-0.0036108104957900604,0.9261624303153816,-0.965727433903578,-1.661324772583615,0.1259881576697424,0.0,-0.6546536707079772,13.9
-0.0036108104957900604,0.5548271411051421,-0.965727433903578,-1.516861748880692,0.1259881576697424,0.0,-0.6546536707079772,13.6
0.13504431254254196,0.22990876304618316,-0.965727433903578,-1.372398725177769,0.1259881576697424,0.0,-0.6546536707079772,13.3
0.13504431254254196,-0.2806772596178959,-0.965727433903578,-1.227935701474846,0.1259881576697424,0.0,-0.6546536707079772,13.0
0.13504431254254196,-0.2806772596178959,-0.965727433903578,-1.0834726777719228,0.1259881576697424,0.0,-0.6546536707079772,12.7
0.13504431254254196,-0.7448463711306949,-0.965727433903578,-0.9390096540689998,0.1259881576697424,0.0,-0.6546536707079772,12.4
0.13504431254254196,-0.7448463711306949,-0.965727433903578,-0.7945466303660768,0.1259881576697424,0.0,-0.6546536707079772,12.2
0.13504431254254196,-0.41992799307173556,1.1002298620238533,-0.6500836066631537,0.1259881576697424,0.0,-0.6546536707079772,12.2
-0.14226593353412206,-0.9305140157358142,1.1002298620238533,-0.5056205829602307,0.1259881576697424,0.0,-0.6546536707079772,15.4
-0.9741966717641141,-1.951686061063972,1.1002298620238533,-0.36115755925730764,0.1259881576697424,0.0,-0.6546536707079772,18.7
-1.251506917840778,-0.9305140157358142,1.1002298620238533,-0.21669453555438456,0.1259881576697424,0.0,-0.6546536707079772,20.5
-1.3901620408791102,0.09065802959234313,1.1002298620238533,-0.07223151185146152,0.1259881576697424,0.0,-0.6546536707079772,22.1
-1.5288171639174422,0.9261624303153816,1.1002298620238533,0.07223151185146152,0.1259881576697424,0.0,-0.6546536707079772,23.1
-1.667472286955774,1.2510808083743405,1.1002298620238533,0.21669453555438456,0.1259881576697424,0.0,-0.6546536707079772,23.8
-1.667472286955774,1.5759991864333003,1.1002298620238533,0.36115755925730764,0.1259881576697424,0.0,-0.6546536707079772,24.0
-1.5288171639174422,1.0654131637692208,1.1002298620238533,0.5056205829602307,0.1259881576697424,0.0,-0.6546536707079772,23.7
-1.1128517948024461,0.4155764076513029,1.1002298620238533,0.6500836066631537,0.1259881576697424,0.0,-0.6546536707079772,22.4
-0.5582313026491181,-0.2806772596178959,1.1002298620238533,0.7945466303660768,0.1259881576697424,0.0,-0.6546536707079772,18.4
-0.4195761796107861,-0.9305140157358142,-0.965727433903578,0.9390096540689998,0.1259881576697424,0.0,-0.6546536707079772,16.4
-0.2809210565724541,-0.7448463711306949,-0.965727433903578,1.0834726777719228,0.1259881576697424,0.0,-0.6546536707079772,15.7
-0.2809210565724541,-0.2806772596178959,-0.965727433903578,1.227935701474846,0.1259881576697424,0.0,-0.6546536707079772,15.2
-0.14226593353412206,0.09065802959234313,-0.965727433903578,1.372398725177769,0.1259881576697424,0.0,-0.6546536707079772,14.7
-0.14226593353412206,0.22990876304618316,-0.965727433903578,1.516861748880692,0.1259881576697424,0.0,-0.6546536707079772,14.6
-0.14226593353412206,0.22990876304618316,-0.965727433903578,1.661324772583615,0.1259881576697424,0.0,-0.6546536707079772,14.3
-0.0036108104957900604,0.4155764076513029,-0.965727433903578,-1.661324772583615,0.629940788348712,0.0,-0.2182178902359924,14.3
0.13504431254254196,0.5548271411051421,-0.965727433903578,-1.516861748880692,0.629940788348712,0.0,-0.2182178902359924,14.1
0.13504431254254196,0.5548271411051421,-0.965727433903578,-1.372398725177769,0.629940788348712,0.0,-0.2182178902359924,13.8
0.13504431254254196,0.5548271411051421,-0.965727433903578,-1.227935701474846,0.629940788348712,0.0,-0.2182178902359924,13.5
0.27369943558087395,0.22990876304618316,-0.965727433903578,-1.0834726777719228,0.629940788348712,0.0,-0.2182178902359924,13.1
0.27369943558087395,-0.0950096150127762,-0.965727433903578,-0.9390096540689998,0.629940788348712,0.0,-0.2182178902359924,12.8
0.27369943558087395,-0.0950096150127762,-0.965727433903578,-0.7945466303660768,0.629940788348712,0.0,-0.2182178902359924,12.6
0.27369943558087395,-0.0950096150127762,1.1002298620238533,-0.6500836066631537,0.629940788348712,0.0,-0.2182178902359924,12.5
-0.0036108104957900604,-0.41992799307173556,1.1002298620238533,-0.5056205829602307,0.629940788348712,0.0,-0.2182178902359924,15.9
-0.8355415487257821,-2.276604439122931,0.0672512140601377,-0.36115755925730764,0.629940788348712,0.0,-0.2182178902359924,19.0
-1.1128517948024461,-2.4158551725767707,1.1002298620238533,-0.21669453555438456,0.629940788348712,0.0,-0.2182178902359924,20.9
-1.3901620408791102,-1.116181660340934,1.1002298620238533,-0.07223151185146152,0.629940788348712,0.0,-0.2182178902359924,22.2
-1.5288171639174422,-0.0950096150127762,1.1002298620238533,0.07223151185146152,0.629940788348712,0.0,-0.2182178902359924,23.2
-1.5288171639174422,0.09065802959234313,1.1002298620238533,0.21669453555438456,0.629940788348712,0.0,-0.2182178902359924,23.8
-1.5288171639174422,0.09065802959234313,1.1002298620238533,0.36115755925730764,0.629940788348712,0.0,-0.2182178902359924,24.1
-1.3901620408791102,-0.0950096150127762,1.1002298620238533,0.5056205829602307,0.629940788348712,0.0,-0.2182178902359924,23.9
-0.9741966717641141,-0.41992799307173556,1.1002298620238533,0.6500836066631537,0.629940788348712,0.0,-0.2182178902359924,22.8
-0.4195761796107861,-1.116181660340934,1.1002298620238533,0.7945466303660768,0.629940788348712,0.0,-0.2182178902359924,19.1
-0.14226593353412206,-1.951686061063972,-0.965727433903578,0.9390096540689998,0.629940788348712,0.0,-0.2182178902359924,16.7
-0.14226593353412206,-0.9305140157358142,-0.965727433903578,1.0834726777719228,0.629940788348712,0.0,-0.2182178902359924,16.2
-0.0036108104957900604,0.22990876304618316,-0.965727433903578,1.227935701474846,0.629940788348712,0.0,-0.2182178902359924,16.1
-0.0036108104957900604,0.9261624303153816,-0.965727433903578,1.372398725177769,0.629940788348712,0.0,-0.2182178902359924,16.0
-0.0036108104957900604,1.3903315418281805,-0.965727433903578,1.516861748880692,0.629940788348712,0.0,-0.2182178902359924,15.6
-0.0036108104957900604,1.0654131637692208,-0.965727433903578,1.661324772583615,0.629940788348712,0.0,-0.2182178902359924,15.3
0.27369943558087395,0.9261624303153816,-0.965727433903578,-1.661324772583615,1.1338934190276817,0.0,0.2182178902359924,15.0
0.27369943558087395,0.9261624303153816,-0.965727433903578,-1.516861748880692,1.1338934190276817,0.0,0.2182178902359924,14.7
0.27369943558087395,0.9261624303153816,-0.965727433903578,-1.372398725177769,1.1338934190276817,0.0,0.2182178902359924,14.5
0.27369943558087395,0.9261624303153816,-0.965727433903578,-1.227935701474846,1.1338934190276817,0.0,0.2182178902359924,14.2
0.41235455861920595,0.4155764076513029,-0.965727433903578,-1.0834726777719228,1.1338934190276817,0.0,0.2182178902359924,13.9
0.41235455861920595,-0.0950096150127762,-0.965727433903578,-0.9390096540689998,1.1338934190276817,0.0,0.2182178902359924,13.5
0.5510096816575379,-0.2806772596178959,-0.965727433903578,-0.7945466303660768,1.1338934190276817,0.0,0.2182178902359924,13.2
0.5510096816575379,0.09065802959234313,1.1002298620238533,-0.6500836066631537,1.1338934190276817,0.0,0.2182178902359924,13.2
0.27369943558087395,-0.6055956376768553,1.1002298620238533,-0.5056205829602307,1.1338934190276817,0.0,0.2182178902359924,16.5
-0.5582313026491181,-1.7660184164588524,1.1002298620238533,-0.36115755925730764,1.1338934190276817,0.0,0.2182178902359924,19.5
-0.8355415487257821,-2.276604439122931,1.1002298620238533,-0.21669453555438456,1.1338934190276817,0.0,0.2182178902359924,21.2
-0.9741966717641141,-0.9305140157358142,1.1002298620238533,-0.07223151185146152,1.1338934190276817,0.0,0.2182178902359924,22.4
-1.1128517948024461,-0.2806772596178959,1.1002298620238533,0.07223151185146152,1.1338934190276817,0.0,0.2182178902359924,23.2
-1.1128517948024461,0.4155764076513029,1.1002298620238533,0.21669453555438456,1.1338934190276817,0.0,0.2182178902359924,23.8
-1.1128517948024461,0.09065802959234313,1.1002298620238533,0.36115755925730764,1.1338934190276817,0.0,0.2182178902359924,23.9
-0.9741966717641141,-0.41992799307173556,1.1002298620238533,0.5056205829602307,1.1338934190276817,0.0,0.2182178902359924,23.8
-0.5582313026491181,-0.2806772596178959,1.1002298620238533,0.6500836066631537,1.1338934190276817,0.0,0.2182178902359924,22.9
0.13504431254254196,-0.2806772596178959,1.1002298620238533,0.7945466303660768,1.1338934190276817,0.0,0.2182178902359924,19.3
0.41235455861920595,-0.6055956376768553,-0.965727433903578,0.9390096540689998,1.1338934190276817,0.0,0.2182178902359924,16.9
0.68966480469587,-0.41992799307173556,-0.965727433903578,1.0834726777719228,1.1338934190276817,0.0,0.2182178902359924,16.3
0.68966480469587,-0.2806772596178959,0.0672512140601377,1.227935701474846,1.1338934190276817,0.0,0.2182178902359924,15.8
0.8283199277342019,0.09065802959234313,-0.44923810992172014,1.372398725177769,1.1338934190276817,0.0,0.2182178902359924,15.7
0.68966480469587,0.22990876304618316,0.0672512140601377,1.516861748880692,1.1338934190276817,0.0,0.2182178902359924,16.3
0.966975050772534,0.09065802959234313,0.5837405380419955,1.661324772583615,1.1338934190276817,0.0,0.2182178902359924,16.0
1.521595542925862,0.9261624303153816,0.0672512140601377,-1.661324772583615,1.6378460497066512,0.0,0.6546536707079772,15.1
1.521595542925862,1.2510808083743405,-0.965727433903578,-1.516861748880692,1.6378460497066512,0.0,0.6546536707079772,15.1
1.660250665964194,1.2510808083743405,-0.965727433903578,-1.372398725177769,1.6378460497066512,0.0,0.6546536707079772,14.7
1.798905789002526,1.5759991864333003,0.0672512140601377,-1.227935701474846,1.6378460497066512,0.0,0.6546536707079772,14.5
2.07621603507919,1.2510808083743405,0.0672512140601377,-1.0834726777719228,1.6378460497066512,0.0,0.6546536707079772,14.1
2.214871158117522,0.22990876304618316,-0.965727433903578,-0.9390096540689998,1.6378460497066512,0.0,0.6546536707079772,13.5
2.353526281155854,-0.41992799307173556,-0.965727433903578,-0.7945466303660768,1.6378460497066512,0.0,0.6546536707079772,13.2
2.353526281155854,-0.0950096150127762,1.1002298620238533,-0.6500836066631537,1.6378460497066512,0.0,0.6546536707079772,13.2
1.798905789002526,-0.2806772596178959,1.1002298620238533,-0.5056205829602307,1.6378460497066512,0.0,0.6546536707079772,16.3
0.8283199277342019,-0.6055956376768553,1.1002298620238533,-0.36115755925730764,1.6378460497066512,0.0,0.6546536707079772,19.3
0.27369943558087395,-0.0950096150127762,1.1002298620238533,-0.21669453555438456,1.6378460497066512,0.0,0.6546536707079772,21.2
-0.0036108104957900604,0.7404947857102618,1.1002298620238533,-0.07223151185146152,1.6378460497066512,0.0,0.6546536707079772,22.6
-0.2809210565724541,1.3903315418281805,1.1002298620238533,0.07223151185146152,1.6378460497066512,0.0,0.6546536707079772,23.6
-0.5582313026491181,2.086585209097379,1.1002298620238533,0.21669453555438456,1.6378460497066512,0.0,0.6546536707079772,24.2
-0.5582313026491181,2.7364219652152975,1.1002298620238533,0.36115755925730764,1.6378460497066512,0.0,0.6546536707079772,24.3
-0.5582313026491181,3.0613403432742565,1.1002298620238533,0.5056205829602307,1.6378460497066512,0.0,0.6546536707079772,24.0
-0.0036108104957900604,2.9220896098204165,1.1002298620238533,0.6500836066631537,1.6378460497066512,0.0,0.6546536707079772,22.8
0.8283199277342019,2.086585209097379,-0.965727433903578,0.7945466303660768,1.6378460497066512,0.0,0.6546536707079772,19.4
1.105630173810866,0.9261624303153816,-0.965727433903578,0.9390096540689998,1.6378460497066512,0.0,0.6546536707079772,16.9
1.38294041988753,0.22990876304618316,-0.965727433903578,1.0834726777719228,1.6378460497066512,0.0,0.6546536707079772,16.2
1.38294041988753,-0.2806772596178959,-0.965727433903578,1.227935701474846,1.6378460497066512,0.0,0.6546536707079772,15.7
1.521595542925862,-0.6055956376768553,-0.965727433903578,1.372398725177769,1.6378460497066512,0.0,0.6546536707079772,15.3
1.521595542925862,-0.6055956376768553,-0.965727433903578,1.516861748880692,1.6378460497066512,0.0,0.6546536707079772,14.9
1.660250665964194,-0.7448463711306949,-0.965727433903578,1.661324772583615,1.6378460497066512,0.0,0.6546536707079772,14.5
1.9375609120408581,-0.7448463711306949,-0.965727433903578,-1.661324772583615,-1.3858697343671664,0.0,1.091089451179962,14.1
1.9375609120408581,-0.41992799307173556,-0.965727433903578,-1.516861748880692,-1.3858697343671664,0.0,1.091089451179962,13.8
2.07621603507919,-0.6055956376768553,-0.965727433903578,-1.372398725177769,-1.3858697343671664,0.0,1.091089451179962,13.5
2.07621603507919,-0.6055956376768553,-0.965727433903578,-1.227935701474846,-1.3858697343671664,0.0,1.091089451179962,13.2
2.07621603507919,-0.9305140157358142,-0.965727433903578,-1.0834726777719228,-1.3858697343671664,0.0,1.091089451179962,13.0
2.07621603507919,-0.7448463711306949,-0.965727433903578,-0.9390096540689998,-1.3858697343671664,0.0,1.091089451179962,12.7
2.07621603507919,-0.7448463711306949,-0.965727433903578,-0.7945466303660768,-1.3858697343671664,0.0,1.091089451179962,12.4
2.07621603507919,-0.7448463711306949,1.1002298620238533,-0.6500836066631537,-1.3858697343671664,0.0,1.091089451179962,12.3
1.521595542925862,-1.116181660340934,1.1002298620238533,-0.5056205829602307,-1.3858697343671664,0.0,1.091089451179962,15.2
0.41235455861920595,-1.5803507718537328,1.1002298620238533,-0.36115755925730764,-1.3858697343671664,0.0,1.091089451179962,18.3
-0.14226593353412206,-0.6055956376768553,1.1002298620238533,-0.21669453555438456,-1.3858697343671664,0.0,1.091089451179962,20.1
-0.4195761796107861,0.22990876304618316,1.1002298620238533,-0.07223151185146152,-1.3858697343671664,0.0,1.091089451179962,21.6
-0.6968864256874501,0.9261624303153816,1.1002298620238533,0.07223151185146152,-1.3858697343671664,0.0,1.091089451179962,22.7
-0.9741966717641141,1.3903315418281805,1.1002298620238533,0.21669453555438456,-1.3858697343671664,0.0,1.091089451179962,23.4
-0.9741966717641141,1.5759991864333003,1.1002298620238533,0.36115755925730764,-1.3858697343671664,0.0,1.091089451179962,23.6
-0.9741966717641141,1.9009175644922591,1.1002298620238533,0.5056205829602307,-1.3858697343671664,0.0,1.091089451179962,23.3
-0.5582313026491181,1.7616668310384191,1.1002298620238533,0.6500836066631537,-1.3858697343671664,0.0,1.091089451179962,22.1
-0.0036108104957900604,1.3903315418281805,-0.965727433903578,0.7945466303660768,-1.3858697343671664,0.0,1.091089451179962,18.4
0.13504431254254196,0.7404947857102618,-0.965727433903578,0.9390096540689998,-1.3858697343671664,0.0,1.091089451179962,16.4
0.27369943558087395,0.09065802959234313,-0.965727433903578,1.0834726777719228,-1.3858697343671664,0.0,1.091089451179962,15.7
0.41235455861920595,-0.0950096150127762,-0.965727433903578,1.227935701474846,-1.3858697343671664,0.0,1.091089451179962,15.2
0.41235455861920595,-0.2806772596178959,-0.965727433903578,1.372398725177769,-1.3858697343671664,0.0,1.091089451179962,14.8
0.5510096816575379,-0.2806772596178959,-0.965727433903578,1.516861748880692,-1.3858697343671664,0.0,1.091089451179962,14.3
0.5510096816575379,-0.6055956376768553,-0.965727433903578,1.661324772583615,-1.3858697343671664,0.0,1.091089451179962,14.0
0.8283199277342019,-0.9305140157358142,-0.965727433903578,-1.661324772583615,-0.8819171036881969,0.0,1.5275252316519468,14.1
0.966975050772534,-1.116181660340934,-0.965727433903578,-1.516861748880692,-0.8819171036881969,0.0,1.5275252316519468,13.7
1.105630173810866,-0.9305140157358142,-0.965727433903578,-1.372398725177769,-0.8819171036881969,0.0,1.5275252316519468,13.2
1.105630173810866,-0.41992799307173556,-0.965727433903578,-1.227935701474846,-0.8819171036881969,0.0,1.5275252316519468,12.8
1.105630173810866,-0.41992799307173556,-0.965727433903578,-1.0834726777719228,-0.8819171036881969,0.0,1.5275252316519468,12.5
1.244285296849198,-0.6055956376768553,-0.965727433903578,-0.9390096540689998,-0.8819171036881969,0.0,1.5275252316519468,12.2
1.244285296849198,-0.7448463711306949,-0.965727433903578,-0.7945466303660768,-0.8819171036881969,0.0,1.5275252316519468,12.0
1.244285296849198,-0.7448463711306949,1.1002298620238533,-0.6500836066631537,-0.8819171036881969,0.0,1.5275252316519468,11.8
0.8283199277342019,-1.2554323937947736,1.1002298620238533,-0.5056205829602307,-0.8819171036881969,0.0,1.5275252316519468,14.1
-0.14226593353412206,-1.4411000383998933,1.1002298620238533,-0.36115755925730764,-0.8819171036881969,0.0,1.5275252316519468,17.9
-0.6968864256874501,-0.9305140157358142,1.1002298620238533,-0.21669453555438456,-0.8819171036881969,0.0,1.5275252316519468,19.8
-0.9741966717641141,0.09065802959234313,1.1002298620238533,-0.07223151185146152,-0.8819171036881969,0.0,1.5275252316519468,21.4
-1.3901620408791102,0.5548271411051421,1.1002298620238533,0.07223151185146152,-0.8819171036881969,0.0,1.5275252316519468,22.5
-1.5288171639174422,1.3903315418281805,1.1002298620238533,0.21669453555438456,-0.8819171036881969,0.0,1.5275252316519468,23.3
-1.667472286955774,1.7616668310384191,1.1002298620238533,0.36115755925730764,-0.8819171036881969,0.0,1.5275252316519468,23.5
-1.667472286955774,1.7616668310384191,1.1002298620238533,0.5056205829602307,-0.8819171036881969,0.0,1.5275252316519468,23.2
-1.1128517948024461,1.5759991864333003,1.1002298620238533,0.6500836066631537,-0.8819171036881969,0.0,1.5275252316519468,21.8
-0.5582313026491181,1.2510808083743405,-0.965727433903578,0.7945466303660768,-0.8819171036881969,0.0,1.5275252316519468,17.9
-0.4195761796107861,0.22990876304618316,-0.965727433903578,0.9390096540689998,-0.8819171036881969,0.0,1.5275252316519468,15.8
-0.2809210565724541,-0.0950096150127762,-0.965727433903578,1.0834726777719228,-0.8819171036881969,0.0,1.5275252316519468,15.0
-0.2809210565724541,-0.2806772596178959,-0.965727433903578,1.227935701474846,-0.8819171036881969,0.0,1.5275252316519468,14.5
-0.14226593353412206,-0.41992799307173556,-0.965727433903578,1.372398725177769,-0.8819171036881969,0.0,1.5275252316519468,14.0
-0.14226593353412206,-0.2806772596178959,-0.965727433903578,1.516861748880692,-0.8819171036881969,0.0,1.5275252316519468,13.6
-0.14226593353412206,-0.2806772596178959,-0.965727433903578,1.661324772583615,-0.8819171036881969,0.0,1.5275252316519468,13.2
